label,price,pub_month,click,score,judge,rec_most,rec_more,rec_normal,rec_bad,rec_morebad,readed,reading,readup
1,44.9,12,42,9.0,367.0,17,30,63,16,1,79,28,100
1,34.2,14,77,8.6,198.0,13,40,100,18,1,35,26,82
0,36.4,15,29,8.3,1228.0,12,29,67,3,10,29,46,52
1,30.5,2,66,8.6,2069.0,19,37,69,16,4,15,17,43
1,44.8,6,88,8.9,734.0,19,40,37,20,7,40,30,82
0,39.7,14,54,9.1,2736.0,20,37,99,12,9,13,46,55
0,46.6,13,87,9.1,3758.0,16,38,54,1,9,37,35,98
0,23.8,4,53,9.1,1108.0,10,20,98,18,7,22,12,71
1,27.6,7,78,8.8,264.0,14,20,66,9,4,69,31,82
1,35.4,5,23,7.5,423.0,14,36,94,19,9,42,85,46
0,50.8,14,5,9.1,1004.0,12,35,50,4,10,33,36,65
0,32.8,4,85,8.7,6445.0,20,37,49,16,4,67,98,41
0,36.8,8,5,8.2,232.0,12,32,67,11,10,38,79,31
1,50.3,8,2,8.5,565.0,10,28,78,3,6,95,97,99
0,24.7,11,65,8.9,8444.0,19,21,39,17,9,56,17,100
0,32.2,12,7,8.2,3171.0,14,30,86,20,10,49,38,84
0,36.1,5,97,8.8,14784.0,16,40,23,4,5,33,68,43
1,39.8,14,84,8.0,340.0,20,33,54,2,9,11,49,12
0,30.7,7,27,7.0,3727.0,20,28,92,5,7,68,68,93
0,36.2,7,48,8.1,1008.0,12,20,80,8,4,92,28,34
0,48.2,12,69,7.6,1016.0,17,21,72,18,2,31,87,33
0,26.1,7,29,9.2,1043.0,13,37,86,18,5,11,69,86
1,22.6,14,37,9.1,350.0,20,22,89,16,9,92,26,76
1,50.8,4,44,7.8,8482.0,14,31,88,4,6,36,70,89
1,36.6,4,40,7.6,312.0,10,28,31,16,1,49,73,27
0,44.9,3,21,7.5,515.0,14,35,84,20,7,93,78,88
1,49.9,10,99,8.2,500.0,19,38,76,7,7,91,83,81
0,42.7,12,25,7.8,402.0,11,29,65,6,6,49,12,16
1,22.2,5,69,6.5,114.0,14,32,49,5,4,77,42,44
1,30.5,3,56,7.4,10292.0,14,39,81,6,7,54,81,40
1,50.3,2,63,7.7,17352.0,18,40,24,4,5,61,76,52
1,21.3,2,1,8.1,64.0,10,23,22,3,9,92,57,89
1,44.5,4,95,9.2,2534.0,10,32,47,19,3,71,76,24
0,24.5,5,72,7.8,3168.0,10,35,32,6,2,53,96,71
1,37.2,14,97,8.3,11298.0,19,32,22,13,3,79,92,70
1,38.5,3,71,1.6,99,19,31,81,9,6,78,37,62
0,44.5,3,27,8.7,2770.0,16,24,87,17,3,48,22,90
0,41.8,5,52,7.9,2465.0,10,21,86,11,5,100,81,75
0,50.8,2,79,7.9,10639.0,12,27,37,8,9,57,42,40
1,45.6,5,61,8.0,293.0,16,39,30,9,3,43,52,63
0,39.9,1,24,8.5,210.0,10,22,21,13,2,41,25,44
1,32.1,5,80,8.7,32102.0,12,33,87,6,9,74,30,33
0,39.2,3,83,9.1,2982.0,16,39,61,5,10,10,28,87
1,40.5,7,1,8.3,267.0,13,39,33,18,6,14,100,47
0,45.4,6,16,8.7,5308.0,19,22,91,7,2,63,81,28
0,27.7,9,54,7.8,432.0,14,39,82,9,4,46,72,43
0,38.6,10,88,7.7,127.0,12,35,20,6,6,73,58,73
0,30.3,3,28,8.4,3200.0,16,32,20,1,8,31,100,80
0,42.6,10,1,7.9,689.0,19,24,99,18,1,21,71,61
1,22.7,11,68,8.6,160.0,15,32,97,5,6,29,29,83
1,42.3,1,71,7.6,629.0,10,40,49,14,4,93,97,82
1,31.8,15,19,7.8,250.0,17,25,57,6,6,45,36,21
1,46.4,6,28,8.8,1717.0,16,37,30,12,8,15,76,31
0,38.5,8,64,8.1,1072.0,17,32,54,17,8,34,49,46
0,41.8,7,97,8.3,993.0,16,40,65,19,2,54,82,81
0,48.8,12,9,7.6,1040.0,11,20,62,4,8,31,71,60
0,36.5,2,9,8.4,1554.0,17,28,25,3,6,87,22,100
0,31.4,4,87,7.7,164.0,11,24,49,15,5,50,13,95
1,36.5,4,29,9.4,629.0,12,40,39,20,3,58,49,85
0,20.7,9,43,8.2,270.0,18,26,45,7,2,50,45,29
0,33.1,15,19,8.7,778.0,15,20,35,18,5,71,89,42
0,35.4,5,58,8.4,4284.0,13,23,98,2,10,26,47,34
1,27.1,14,75,9.1,2247.0,11,35,54,1,1,82,65,41
0,25.5,6,55,8.4,13278.0,14,33,69,18,9,69,71,69
1,44.1,8,59,8.7,457.0,13,30,48,1,7,52,74,91
1,35.4,14,16,8.5,515.0,13,30,91,5,4,49,50,46
0,22.4,3,45,8.8,671.0,12,23,61,16,8,74,67,98
1,33.4,15,62,8.8,179.0,13,40,96,4,10,67,31,100
0,26.4,2,37,9.0,463.0,11,27,61,17,1,91,86,72
1,20.8,1,84,8.6,1555.0,13,22,23,11,9,10,85,62
1,41.9,12,15,8.9,1528.0,15,23,36,1,8,50,64,74
1,46.8,14,48,8.4,3229.0,14,22,42,17,8,57,13,94
1,43.5,1,96,8.7,897.0,10,28,56,16,7,14,64,58
1,22.6,7,37,8.7,4609.0,10,27,59,4,4,82,95,50
0,50.5,5,62,9.1,4356.0,11,30,48,2,9,31,58,91
0,34.2,15,83,8.5,1003.0,16,28,57,4,7,84,54,81
1,50.8,1,63,8.0,3545.0,10,22,65,8,8,19,59,14
0,26.4,10,79,9.2,943.0,13,20,88,14,2,95,43,11
0,21.8,13,51,8.6,595.0,18,28,76,15,4,32,65,40
1,22.9,7,81,8.1,3568.0,19,23,54,12,3,49,66,50
0,27.9,14,69,8.0,99.0,20,30,82,16,5,47,56,14
1,36.2,14,53,8.4,228.0,12,36,70,4,9,61,70,91
0,47.5,10,19,7.7,36.0,20,34,68,4,2,35,41,68
0,23.8,4,95,8.8,65.0,13,37,77,13,1,81,25,43
0,44.8,7,80,8.7,640.0,13,24,36,13,9,43,88,86
1,44.1,2,62,8.6,340.0,13,34,85,7,4,79,11,65
1,36.4,13,98,9.0,1603.0,18,31,80,15,8,67,94,58
1,48.5,11,85,8.7,481.0,12,40,69,12,4,68,72,61
1,36.6,14,31,8.8,816.0,17,31,33,4,2,41,78,21
1,28.2,7,20,8.5,1178.0,11,35,94,14,9,14,60,51
0,32.5,9,10,9.0,67.0,15,35,61,15,2,10,58,64
0,48.2,2,12,8.9,130.0,20,25,41,18,7,56,71,44
1,41.7,4,40,8.0,484.0,12,38,97,19,7,80,90,100
0,49.2,8,61,8.9,418.0,10,37,39,16,3,11,66,29
0,26.6,5,51,9.7,119.0,18,32,27,9,4,95,19,26
1,21.7,1,81,9.3,67.0,17,31,62,20,3,20,48,68
1,36.3,7,71,8.4,465.0,10,34,43,19,3,89,47,99
0,36.5,11,34,8.5,1449.0,13,33,51,5,5,21,24,13
1,27.4,4,62,8.1,371.0,12,24,81,3,9,48,68,34
0,38.8,5,16,9.1,135.0,13,29,47,9,4,47,79,30
0,41.1,8,97,8.4,295.0,12,40,38,20,5,58,39,23
0,32.9,5,64,8.7,438.0,11,21,28,17,3,90,71,85
1,40.7,8,6,9.1,41.0,10,33,52,11,5,39,33,13
1,31.1,13,49,8.8,525.0,10,35,62,5,10,16,36,36
1,30.6,7,30,9.5,93.0,19,25,66,9,3,63,96,65
0,29.9,7,5,8.4,56.0,18,37,69,14,6,84,66,56
0,45.9,2,50,7.8,1569.0,10,33,44,8,4,31,64,25
0,35.3,3,24,8.4,70.0,14,34,86,15,2,22,13,89
0,40.9,15,54,9.4,1912.0,12,32,79,20,4,98,17,53
1,35.7,2,100,9.6,102.0,20,29,84,8,4,26,27,41
1,44.2,14,15,9.3,50.0,13,36,22,13,7,39,40,41
1,42.1,5,16,7.8,265.0,11,23,88,4,8,93,68,19
0,40.1,9,19,8.0,199.0,12,34,39,20,10,53,51,54
1,38.6,5,21,9.4,138.0,18,21,84,1,7,69,15,26
1,45.3,3,56,9.0,769.0,10,29,92,19,1,16,23,95
1,34.7,5,44,9.0,367.0,14,35,84,3,3,16,85,68
0,33.7,12,51,9.5,65.0,11,25,33,10,2,76,24,14
1,50.7,9,83,8.9,169.0,15,28,65,3,6,34,63,11
1,39.4,4,24,9.4,636.0,12,26,30,19,4,86,63,22
0,28.5,14,86,9.6,1441.0,12,35,43,12,5,78,44,58
1,29.7,11,39,8.1,8103.0,17,40,99,8,7,74,81,21
1,41.2,4,54,8.0,12327.0,20,23,45,20,9,65,36,12
0,26.3,8,11,8.2,63.0,14,34,70,7,10,99,41,38
1,45.9,5,63,7.3,802.0,16,20,54,10,1,90,15,47
1,28.6,4,14,7.5,16780.0,17,27,60,15,2,26,26,20
0,44.5,11,67,8.4,745.0,17,23,45,2,9,80,72,73
1,22.7,2,15,8.0,648.0,10,20,54,5,5,83,55,60
1,42.6,2,34,8.0,193.0,20,32,37,9,10,34,75,66
1,41.3,8,63,7.1,2081.0,19,28,68,10,6,63,56,35
1,23.2,7,3,7.4,2526.0,15,20,73,1,5,52,79,40
1,20.3,10,82,8.3,60.0,19,36,79,6,6,81,54,12
0,24.1,15,37,7.2,716.0,11,37,94,19,8,54,37,20
0,28.1,5,46,7.4,248.0,12,21,97,5,4,45,18,48
0,50.4,4,40,6.9,75.0,15,26,47,11,1,28,70,13
1,42.3,5,61,8.2,10181.0,11,38,79,14,2,80,92,74
0,28.3,13,20,8.5,29920.0,14,21,89,10,10,50,98,17
1,32.2,9,55,9.1,263106.0,11,31,74,20,7,98,83,75
0,33.6,5,34,6.3,191.0,18,34,85,20,1,15,78,52
1,26.6,15,92,7.1,52.0,18,25,97,3,6,62,73,75
0,38.2,9,60,7.6,90781.0,17,21,59,5,9,22,31,90
1,31.9,8,76,8.9,605.0,13,27,35,1,4,27,59,27
1,47.2,7,77,9.5,921.0,14,34,60,20,9,62,60,73
1,35.6,4,25,8.4,920.0,16,20,45,8,5,75,82,87
0,48.4,13,15,7.7,127.0,11,25,73,18,10,61,20,59
0,42.2,12,1,7.6,310.0,20,36,32,19,10,11,65,20
0,48.4,15,15,9.4,1018.0,10,32,91,16,6,84,83,58
1,39.2,1,37,8.6,1439.0,13,20,75,7,6,81,68,91
1,41.8,9,34,8.0,305.0,10,37,29,10,5,56,27,62
0,42.4,4,52,8.8,5838.0,18,39,66,15,10,42,93,82
0,43.1,9,97,9.0,70.0,15,28,53,11,8,65,47,63
1,33.1,10,25,8.9,2419.0,17,23,91,11,2,83,100,91
0,47.1,13,74,8.2,2301.0,11,29,67,17,2,44,96,28
0,43.4,8,88,8.6,6908.0,11,39,59,3,4,99,71,46
0,41.7,11,77,9.2,2545.0,13,24,74,14,2,78,23,56
0,21.9,12,32,8.2,509.0,14,23,42,5,5,83,94,57
0,37.8,14,11,8.0,936.0,10,26,22,18,4,95,34,77
1,48.8,8,24,8.6,361.0,14,40,91,15,3,82,43,26
1,33.9,7,4,9.0,298.0,13,33,82,9,8,36,83,31
1,50.5,9,15,8.7,1138.0,10,38,74,14,3,93,61,64
0,23.2,10,60,9.3,233.0,19,36,60,4,6,46,81,61
0,38.2,15,20,8.7,153.0,14,29,67,9,1,73,25,11
0,50.4,2,67,9.2,33.0,11,21,88,4,3,37,79,87
0,35.3,9,88,9.4,5128.0,12,23,52,14,3,76,61,95
1,40.7,15,61,9.6,373.0,17,24,59,7,5,49,71,16
1,42.3,7,36,8.7,145.0,11,39,64,18,3,94,68,27
1,32.8,10,5,8.2,165.0,19,31,61,7,4,13,29,94
0,24.8,3,80,9.1,154.0,12,28,59,16,2,28,59,99
0,34.6,7,18,8.9,42.0,10,34,96,11,10,88,52,21
1,22.8,6,87,9.1,407.0,18,25,77,17,9,92,48,77
0,20.8,7,75,9.6,193.0,16,32,91,10,3,86,66,57
0,49.1,11,70,8.5,53.0,18,31,28,8,4,54,17,57
1,48.7,14,71,8.9,66.0,10,25,84,1,6,56,55,100
0,27.3,14,30,9.3,441.0,13,40,36,10,7,22,11,69
0,34.9,5,16,9.1,478.0,19,30,59,2,7,99,52,22
0,45.4,11,61,9.4,408.0,14,30,24,19,9,69,78,42
1,21.8,2,50,9.3,482.0,12,22,84,20,1,93,61,90
1,36.3,9,52,8.1,104.0,16,22,94,16,7,17,53,24
1,25.3,11,24,9.5,76.0,12,26,70,20,6,67,94,59
0,27.3,6,11,8.8,510.0,12,21,56,17,9,80,46,56
0,33.8,6,20,9.1,215.0,13,29,81,10,9,93,12,85
1,34.4,8,8,9.1,112.0,20,39,79,20,2,63,52,36
1,35.6,7,96,8.0,104.0,16,38,35,6,9,52,91,15
1,33.2,14,21,8.3,5295.0,19,33,64,20,9,11,91,31
1,27.1,12,23,8.8,134.0,16,32,59,11,8,92,78,66
0,49.4,10,13,8.6,288.0,20,39,43,7,7,38,11,17
1,42.4,6,6,9.1,393.0,16,21,73,4,1,74,92,43
0,32.3,12,77,9.4,560.0,10,29,42,14,5,46,19,44
0,33.8,3,51,8.8,121.0,18,26,82,17,3,17,16,59
1,43.9,11,80,8.5,285.0,15,29,73,8,2,60,27,32
1,38.6,4,20,7.9,321.0,17,36,58,10,6,68,95,98
1,49.7,1,16,8.3,842.0,11,33,77,16,10,70,72,23
0,32.6,6,55,8.4,1394.0,10,39,48,13,8,39,67,74
0,50.3,14,34,9.1,326.0,10,31,82,11,4,99,94,42
0,22.3,8,10,8.2,494.0,20,37,71,1,3,29,46,77
1,23.9,10,87,9.4,116.0,10,35,80,5,8,30,39,53
1,27.8,10,83,8.7,178.0,12,38,55,8,10,22,55,44
1,48.5,14,93,8.3,58.0,13,38,97,9,6,87,31,61
1,22.8,2,49,8.9,944.0,18,30,44,15,2,87,57,65
0,23.4,11,19,7.8,347.0,10,34,48,20,6,88,26,28
0,42.9,12,7,9.2,127.0,18,30,99,3,9,73,90,98
1,38.2,2,82,8.1,58.0,19,24,60,10,4,44,70,81
1,38.4,9,60,7.9,2465.0,12,31,74,5,3,87,84,82
1,44.6,5,16,7.4,4982.0,14,27,33,18,9,57,47,32
0,46.8,3,17,7.4,442.0,17,32,66,1,6,20,23,69
0,46.8,5,27,8.7,4908.0,14,21,57,9,3,31,41,62
0,20.1,9,98,8.2,1761.0,13,30,37,9,7,95,10,97
1,44.2,14,25,8.0,310.0,15,27,46,13,2,37,95,87
1,27.2,3,28,8.0,119.0,11,40,31,17,4,57,88,43
0,33.7,9,47,7.7,1180.0,18,28,86,1,8,72,71,87
1,30.1,2,62,7.9,5256.0,17,21,66,18,5,51,58,15
1,41.6,3,19,8.2,244.0,11,20,73,16,3,43,34,72
1,47.1,1,53,7.8,2960.0,17,33,86,4,10,50,70,68
0,20.8,14,2,9.5,53.0,15,23,27,16,7,80,28,85
1,46.5,7,65,7.7,849.0,18,22,66,11,7,79,32,30
0,35.6,7,18,7.4,753.0,15,20,23,14,3,61,29,37
1,44.6,6,60,7.9,33.0,10,39,91,11,2,70,34,33
0,44.9,6,64,7.5,221.0,20,32,40,7,5,47,31,61
1,25.3,9,90,8.2,1623.0,13,33,93,14,9,53,22,76
0,23.1,3,38,7.9,11964.0,18,23,66,7,5,70,21,91
1,44.3,1,32,7.8,1645.0,15,35,61,18,10,37,30,70
1,38.3,15,7,8.3,181.0,15,31,81,14,2,65,60,98
1,25.8,14,18,8.0,523.0,20,28,84,2,3,95,34,31
0,43.7,8,23,7.7,738.0,19,38,78,12,7,21,26,94
1,38.1,10,55,7.8,90923.0,13,23,40,4,9,73,60,95
0,45.3,7,74,6.7,1024.0,13,34,74,8,5,77,80,44
1,45.7,6,38,7.9,598.0,15,34,42,8,10,27,90,32
1,21.3,3,49,8.1,933.0,20,30,70,6,6,93,81,82
0,46.3,2,29,7.2,227.0,10,30,89,6,4,38,31,63
0,25.4,3,43,7.6,138.0,20,27,60,10,8,84,73,21
1,24.1,7,52,7.3,1061.0,12,22,67,16,10,39,58,33
0,21.8,3,100,8.1,436.0,11,34,20,7,3,75,95,58
1,30.4,7,74,7.0,131.0,12,40,75,17,1,15,32,58
0,49.4,2,91,7.4,546.0,14,25,55,19,5,36,92,97
1,34.3,14,87,7.5,2648.0,10,37,62,8,7,67,94,40
1,27.5,4,67,5.7,660.0,15,34,66,8,3,93,40,57
0,49.8,13,77,8.2,452.0,15,33,20,11,6,64,88,94
0,47.7,4,34,7.4,2915.0,18,32,89,11,1,90,88,94
0,47.6,11,82,8.3,800.0,14,31,30,13,2,54,65,13
1,33.5,15,70,7.8,350.0,16,20,59,20,3,77,21,90
1,27.9,6,55,6.8,1582.0,17,27,50,8,4,59,42,38
1,29.1,6,94,8.2,232.0,18,33,66,1,6,59,63,19
0,27.6,3,100,8.2,369.0,14,34,50,10,10,21,34,12
0,49.2,14,52,8.7,49.0,12,30,86,16,1,19,36,79
1,36.9,3,30,9.3,128.0,11,38,57,17,4,36,58,100
1,49.4,7,77,9.1,99,15,38,60,19,3,62,43,48
0,48.5,3,2,8.2,1262.0,11,32,22,5,2,42,87,60
0,48.9,3,87,7.1,2250.0,11,25,59,16,5,66,88,11
1,32.9,1,89,7.9,1256.0,16,29,30,19,1,84,68,63
0,36.9,10,31,8.2,4468.0,20,40,85,13,10,20,32,38
0,30.9,5,63,7.0,114.0,16,32,31,7,9,27,15,55
1,33.4,6,4,8.6,137.0,14,30,91,18,9,93,49,70
0,31.5,4,61,7.6,828.0,16,25,28,14,8,49,39,66
1,27.1,4,48,7.5,1907.0,19,27,65,4,10,12,73,14
0,27.2,4,74,6.5,179.0,20,22,57,3,1,31,27,18
0,29.9,3,41,8.7,1716.0,13,28,71,16,3,25,39,15
1,48.9,12,41,8.5,1290.0,15,20,69,8,3,23,57,16
1,21.9,5,43,7.4,66.0,16,36,40,11,9,95,65,42
1,32.6,2,67,8.4,1248.0,11,36,84,8,7,79,80,61
0,45.3,3,97,9.1,120.0,15,26,57,7,1,10,58,83
1,27.3,10,2,7.8,66.0,15,33,91,15,6,42,94,43
1,24.9,4,70,8.1,588.0,15,26,67,7,5,53,55,84
0,26.6,3,18,9.2,933.0,12,40,91,9,10,62,91,33
0,46.6,4,11,8.7,855.0,14,33,79,4,5,43,74,42
1,47.7,2,51,8.8,121.0,18,29,91,1,7,63,87,51
0,32.1,1,40,7.5,57.0,15,28,39,4,3,40,53,81
0,40.8,12,95,8.8,389.0,16,40,71,3,6,18,81,71
1,27.5,14,81,8.1,427.0,12,25,25,9,6,50,50,65
0,23.1,7,19,8.2,1063.0,15,22,41,10,2,43,94,14
1,35.7,14,87,9.8,215.0,13,24,67,6,5,25,29,19
1,36.6,10,20,8.5,67.0,16,40,94,18,9,92,30,32
0,47.1,8,49,6.7,382.0,12,29,36,1,1,27,19,78
0,20.9,10,23,9.7,53.0,19,36,26,20,10,56,91,87
1,21.6,14,29,8.6,630.0,16,24,55,8,2,72,38,99
1,23.3,4,27,9.5,810.0,17,26,78,15,5,60,93,96
1,28.2,12,100,9.2,923.0,14,38,76,13,7,32,32,83
1,32.6,6,44,8.0,1565.0,18,38,22,12,10,49,40,89
1,32.2,4,14,8.7,1134.0,13,20,35,18,9,93,35,91
1,48.6,15,44,7.6,70.0,14,38,28,6,8,36,18,26
1,35.8,13,14,8.6,369.0,20,21,22,11,1,95,48,47
0,47.4,4,70,7.8,583.0,15,39,50,19,2,82,17,48
1,31.2,4,52,7.3,90.0,15,38,31,18,9,100,81,83
1,49.8,13,99,7.4,137.0,15,37,51,10,3,59,37,99
0,49.8,7,88,7.7,102.0,15,25,64,12,1,64,90,33
0,39.3,12,6,7.5,198.0,10,34,92,2,5,51,76,11
1,38.2,6,37,8.8,337.0,14,26,74,11,3,63,57,79
1,20.6,11,38,7.3,45.0,19,34,21,17,4,87,99,89
0,25.8,8,75,7.8,35.0,12,34,89,2,3,84,39,35
0,47.3,1,63,7.1,124.0,18,34,84,14,4,18,33,58
1,21.5,5,37,7.4,334.0,12,24,74,17,7,79,95,57
0,44.4,5,94,7.1,56.0,17,39,32,16,6,95,35,64
1,23.5,6,44,8.4,1131.0,18,34,88,11,6,36,80,79
0,40.4,3,84,7.7,38.0,14,37,42,9,3,32,75,47
0,33.3,4,74,8.0,183.0,11,37,88,3,4,88,98,74
1,46.1,12,10,8.4,72.0,18,26,76,1,4,62,31,56
1,50.7,4,32,6.9,68.0,10,39,50,12,5,83,85,98
0,20.4,1,7,8.7,39.0,11,24,71,11,5,78,78,78
0,38.6,7,19,7.3,79.0,13,25,31,2,4,11,66,73
1,42.6,8,29,6.9,99,10,35,85,11,9,13,49,41
1,44.9,15,68,7.8,24.0,14,26,95,18,5,91,22,66
1,38.2,7,80,7.8,2615.0,16,22,83,12,9,24,89,24
1,25.7,7,65,8.0,56.0,14,36,57,10,3,78,78,73
1,30.9,4,35,7.2,65.0,12,24,58,9,6,91,94,81
1,35.5,8,40,9.0,389.0,10,36,88,4,1,21,39,43
0,37.1,4,38,7.6,132.0,12,34,48,17,2,75,18,39
0,46.4,10,68,7.3,280.0,18,22,79,19,5,90,84,47
1,44.6,10,13,8.0,270.0,17,30,50,9,9,39,26,64
1,49.8,9,64,8.2,397.0,16,33,36,18,9,78,77,15
0,33.6,7,48,7.7,86.0,14,32,78,10,10,66,88,66
0,25.7,10,19,8.1,72.0,10,40,85,12,1,74,59,22
0,44.6,11,93,8.6,126.0,17,36,63,11,3,98,89,47
0,22.2,7,89,7.4,245.0,11,40,61,13,4,27,33,43
1,42.8,5,73,7.8,23.0,14,31,74,11,4,16,98,85
1,50.2,13,31,7.6,42.0,16,34,67,16,8,79,70,53
1,22.8,12,7,7.6,120.0,14,27,87,16,1,18,24,43
0,46.3,15,72,8.6,2349.0,10,37,25,20,3,81,16,63
1,26.7,9,71,7.5,89.0,16,38,73,2,2,94,40,35
1,28.9,9,48,7.2,1922.0,16,25,58,6,7,68,12,64
0,26.1,13,25,9.0,36.0,18,30,92,16,6,87,48,34
1,47.3,8,69,7.1,1066.0,13,34,35,18,3,30,37,81
0,29.5,1,86,9.4,124.0,19,21,51,11,4,59,46,24
1,46.5,14,65,7.4,214.0,16,26,93,17,1,91,75,61
0,23.8,1,24,8.7,305.0,18,25,84,5,4,99,96,27
1,27.4,3,54,8.7,59.0,11,31,74,19,1,74,94,65
1,35.2,2,70,8.1,215.0,18,38,56,16,1,60,30,35
1,25.6,15,88,8.2,73.0,14,39,37,4,4,77,20,76
1,36.6,8,67,8.2,102.0,10,34,40,8,2,33,50,13
1,48.6,5,65,8.2,23.0,13,20,82,20,6,10,28,30
0,31.6,7,7,8.9,40.0,18,27,26,4,5,27,16,51
1,37.7,3,17,8.0,29.0,12,29,98,1,3,70,53,96
0,26.7,14,37,8.2,22.0,14,36,77,15,4,87,74,29
0,44.6,15,8,8.1,47.0,11,33,75,14,2,83,15,22
1,50.7,13,55,8.6,20.0,14,22,37,6,5,13,15,77
1,22.6,14,56,8.3,160.0,16,28,99,15,10,11,94,80
0,34.2,8,41,7.5,41.0,17,31,87,6,7,20,37,61
1,34.4,2,31,9.2,41.0,16,39,36,11,2,67,11,27
1,40.5,5,18,8.7,687.0,14,22,80,9,2,98,68,59
0,41.1,10,81,8.9,53.0,15,23,40,18,5,76,87,49
1,41.5,8,59,6.1,29.0,15,25,89,18,6,94,64,47
1,26.7,10,58,10.0,24.0,20,20,84,10,6,49,66,57
1,34.2,11,59,9.8,22.0,16,20,58,19,7,88,57,75
0,38.7,5,55,3.8,99,20,23,71,2,9,81,28,39
0,44.1,2,58,7.1,99,17,37,76,5,2,13,32,50
1,49.1,6,95,7.3,14.0,10,34,40,8,1,15,100,99
1,29.7,6,78,3.1,99,18,36,77,9,8,42,84,54
1,33.2,10,26,3.5,99,19,33,29,12,1,36,42,75
1,32.1,9,73,2.6,99,12,35,32,10,3,51,53,88
1,45.7,3,43,3.8,99,14,39,99,19,8,87,59,66
0,22.2,1,82,8.3,179.0,10,37,72,3,4,72,25,10
1,21.3,4,27,5.7,99,17,21,66,7,2,77,83,20
0,40.2,12,39,7.1,99,11,27,26,7,9,14,87,57
1,21.1,13,45,7.8,85.0,10,31,23,7,9,92,14,24
1,34.1,4,96,4.2,99,13,27,65,4,10,32,60,81
1,21.8,12,54,4.3,99,14,36,89,13,2,83,80,20
0,48.7,7,58,7.4,26.0,20,37,36,12,7,28,93,56
1,40.8,12,51,1.8,99,15,25,45,12,1,19,95,45
1,33.9,11,55,7.7,99,13,23,69,1,7,35,94,29
0,30.7,7,42,5.4,99,12,34,30,17,2,12,28,21
1,41.7,6,89,8.2,25.0,11,25,56,6,2,11,62,62
0,49.3,12,58,4.1,24.0,15,25,20,4,6,12,65,97
1,35.8,15,57,1.5,99,18,31,75,5,8,74,17,98
1,20.3,4,24,7.3,14.0,20,23,35,3,1,53,86,16
0,28.2,13,63,8.3,314.0,11,33,50,18,7,79,62,91
0,25.6,1,17,7.3,259.0,14,34,53,2,4,94,41,70
0,29.5,12,4,8.6,41.0,11,22,64,14,1,30,13,61
1,21.8,9,56,6.5,141.0,12,35,67,12,10,76,45,34
0,40.5,8,5,7.7,229.0,14,37,81,9,7,64,89,64
1,24.4,13,86,7.9,278.0,20,37,28,16,4,98,18,21
0,50.7,1,49,7.9,153.0,16,28,36,4,8,15,26,46
0,45.2,2,62,8.3,262.0,20,28,39,5,5,74,52,64
0,45.2,1,92,7.6,196.0,19,25,91,10,8,88,90,59
1,37.4,1,61,7.0,52.0,18,33,28,4,4,65,76,62
1,32.7,7,61,8.4,48.0,10,36,72,5,2,37,29,100
1,22.7,12,96,8.2,95.0,16,33,95,2,5,27,82,56
0,26.7,4,30,6.8,30.0,11,35,29,12,2,91,45,77
1,44.1,6,57,9.0,174.0,19,37,77,6,2,96,66,20
0,26.8,1,100,8.4,441.0,18,36,20,4,4,70,71,20
1,47.5,14,27,8.3,568.0,13,33,50,1,9,24,22,66
1,37.5,12,54,8.1,166.0,20,35,68,7,9,51,59,87
0,50.5,3,66,8.3,52.0,20,37,26,19,4,27,68,62
0,45.1,5,34,3.7,99,16,21,85,12,9,81,22,36
1,20.1,7,56,8.7,871.0,12,29,41,17,3,41,45,85
1,31.6,4,12,8.3,99,19,36,20,12,6,85,60,47
1,31.8,2,20,8.0,83.0,14,25,23,12,8,66,53,19
0,35.4,5,97,6.4,121.0,11,26,41,3,4,54,97,22
1,48.9,11,68,8.2,4961.0,15,30,34,3,4,37,13,57
1,36.4,7,97,6.2,296.0,20,26,27,14,4,20,27,48
0,25.3,9,22,7.7,60.0,15,35,70,2,1,12,94,27
1,40.1,7,98,8.5,4463.0,18,31,98,18,7,14,78,82
1,36.6,15,92,8.3,190.0,15,36,64,6,5,28,79,42
1,20.3,11,15,6.9,354.0,13,36,99,16,10,18,99,63
1,48.3,3,25,8.5,625.0,10,28,82,8,5,75,100,29
0,45.8,7,82,7.0,190.0,10,21,54,7,10,76,79,63
1,30.8,5,25,8.4,52.0,17,21,69,20,9,68,25,86
0,23.5,2,15,6.7,212.0,14,31,78,4,4,89,20,57
1,40.4,11,38,7.2,19.0,20,31,92,8,6,90,94,86
1,41.3,13,75,6.8,206.0,14,32,79,10,9,45,95,61
0,46.2,4,76,8.1,2131.0,11,32,31,20,2,100,77,49
1,39.8,12,52,7.6,96.0,20,40,33,9,3,42,58,89
1,28.9,2,89,8.8,362.0,18,32,95,7,1,81,18,75
0,41.7,5,12,7.7,380.0,16,31,86,9,3,65,86,54
1,41.3,4,38,7.7,683.0,18,37,98,13,5,78,91,70
0,26.9,3,59,7.3,211.0,19,32,91,14,6,26,44,27
1,46.9,7,25,8.0,332.0,19,27,36,7,7,58,12,32
0,50.3,8,37,8.1,398.0,18,30,53,17,6,46,29,50
1,49.9,2,79,7.4,16.0,18,34,84,11,3,13,50,49
0,47.1,4,88,7.6,249.0,16,31,85,7,5,23,34,69
1,28.9,8,81,7.3,134.0,20,31,71,1,2,55,100,86
0,36.6,6,22,7.7,133.0,13,32,49,7,8,99,87,23
1,31.5,15,6,7.8,16.0,12,21,23,1,7,100,25,41
1,23.1,10,42,7.5,151.0,14,39,27,5,4,29,48,67
1,38.8,13,78,7.8,36.0,10,20,91,15,6,29,27,73
1,30.3,7,10,7.3,222.0,12,23,99,17,4,36,93,78
1,42.9,13,52,9.0,21.0,13,39,86,14,1,66,95,77
0,21.2,15,64,8.4,88.0,15,26,39,19,4,65,17,55
0,30.9,13,37,6.1,33.0,14,38,52,14,7,24,17,82
0,22.2,6,16,9.0,180.0,14,32,100,16,9,42,17,86
0,25.7,2,50,8.0,49.0,11,34,23,15,5,97,14,73
1,43.9,6,21,8.4,424.0,17,21,72,2,8,80,68,11
0,38.6,3,58,8.2,124.0,17,33,22,4,4,99,86,50
1,47.2,15,75,8.5,314.0,13,24,51,4,6,98,63,25